No.4565/2,3,16,19,29,36
No.1856/0,0,6,33,33,41
No.0100/0,0,0,0,0,28
No.1110/0,0,0,0,0,17
No.2434/5,16,16,17,35,43
No.4006/0,0,0,0,20,20
No.3135/0,0,0,0,12,40
No.3734/0,0,0,0,17,22
No.3817/31,37,37,40,41,42
No.2548/10,21,27,30,34,45
No.0806/7,7,8,8,23,41
No.6218/3,11,13,34,35,44
No.8137/2,11,13,22,36,39
No.0473/12,13,14,17,18,42
No.2074/1,3,4,6,9,44
No.1741/4,24,25,36,41,45
No.0717/17,20,27,33,34,37
No.6706/4,12,18,27,38,43
No.1088/2,5,22,34,34,44
No.8540/2,6,19,21,44,45
No.5716/2,15,16,16,20,20
No.1812/8,11,13,15,32,41
No.0153/8,14,25,26,30,38
No.4201/1,22,27,37,41,45
No.1786/21,27,34,37,42,44
No.7421/6,12,14,19,29,44
No.0325/10,25,31,38,41,45
No.8687/1,16,20,28,38,41
No.6440/1,14,18,19,30,39
No.7815/3,10,19,27,34,38
No.0820/3,3,6,6,25,45
No.2731/0,14,29,29,31,32
No.0470/11,15,30,36,37,45
No.3117/0,2,4,4,22,42
No.0726/22,27,37,38,43,44
No.6177/1,23,29,30,34,44
No.5225/8,9,15,41,42,44
No.2866/6,14,20,20,30,35
No.0333/18,29,29,30,35,38
No.0844/6,7,22,28,35,43
No.3746/2,9,12,18,42,44
No.0727/3,9,24,25,40,45
No.3067/6,12,17,21,25,29
No.4262/9,18,26,28,32,33
No.0147/11,11,28,30,32,32
No.6647/12,14,21,27,37,38
No.3643/3,13,14,22,32,33
No.3551/2,24,30,32,33,44
No.2161/2,3,5,8,21,34
No.5367/9,12,27,28,30,30
No.7378/0,3,18,36,42,42
